- name: Echo Valley Ranch
  latitude: 42.8098216
  longitude: -123.049396
  radius: 1.5